Doplywy dekadowe do kaskady Tresna-Porabka-Czaniec 1901-1990
1901
    25.900    16.040    20.370    24.750    20.120    11.395    10.566     8.200
    10.265     8.946     7.385     7.628    13.500    46.240    17.064    25.230
    48.400    15.960    12.550     8.090     5.272    13.336    23.980    17.560
     5.786    12.896     7.712    21.280    16.540    19.618     7.925     5.601
     4.384    10.138    17.910     6.831
1902
     7.371    12.428    20.090    30.950    38.810    34.664    28.400    17.440
    23.155    14.480    14.700    13.332    20.400    24.100    42.845    30.960
    29.300    15.920    20.040    24.460    13.845    11.020    61.180    72.155
    26.882   102.720    24.782    12.980    18.710    14.655    12.790    12.542
    11.016    21.600    41.350    23.736
1903
    12.570     9.012     6.103     6.060     8.598    17.915    19.460    23.140
    17.618    25.440    34.260    49.333    45.100    27.140    47.118    33.700
    62.160    76.010    37.620    21.300    17.964    24.340    60.430    41.700
    87.440    75.680    32.682    25.592     3.719    13.918    11.710    12.740
     9.204    18.324    24.300    21.827
1904
    16.500    40.700    61.650    30.650    24.580    15.445    13.810    12.288
     8.244    12.360    17.170    21.678    19.050    21.290    17.691    27.790
    30.300    21.920    27.190    17.640    11.509     9.400     5.449     7.005
     3.781     1.554     1.485     1.298     1.360     4.983     2.142     8.304
     4.310     3.849     7.680    28.793
1905
    16.300    20.580    16.698    11.045    26.460    13.873    18.380    10.900
    10.600    10.140     8.358     8.319    18.000    41.350    24.818    25.840
    38.740    22.940    29.850    12.260    19.476     9.140     7.924     8.015
     5.460     9.020     6.760     4.836     5.413    10.083    21.060     7.020
     5.724     9.054    16.100    10.118
1906
    12.080    11.280    15.340    13.150    12.150     9.495     8.520     7.964
     5.310     4.814     6.720    12.313    36.000    36.160    27.691    23.660
    32.060    18.850    13.250    12.140    11.973    38.100    31.880     9.710
    20.164    44.580    13.345    15.780    18.470    12.709    10.730    62.650
    33.900    37.990    17.300    14.491
1907
    21.640    22.480    33.970    50.950    28.040    19.209    11.305    11.600
    13.008    27.980    18.340    17.756    35.150    35.390    31.127    37.570
    42.600    34.340    55.770    19.820    12.982    30.180    23.230     8.375
    15.690    49.620    40.909    30.780    25.510    18.200    18.200    41.360
    25.480    10.120    13.750     9.959
1908
    13.550    16.840    19.990    30.400    22.530    27.909    12.210    14.820
    21.055    51.120    30.540    23.422    34.650    33.690    34.445    51.820
    52.040    50.090    98.580    27.740    14.018    21.620    13.954     6.845
    11.134    55.820    68.591    36.920    25.570    24.327    24.900    20.400
    16.960    12.960    10.550     5.206
1909
     5.328     9.888     6.254     9.890    17.070    33.564    12.990    14.820
    13.964    13.300    12.740    11.046    17.500    23.860    38.600    29.990
    34.100    24.030    59.690    24.020    17.727    26.280    29.414     9.335
    10.424    16.832     4.923     3.062     3.893     5.957     4.878     5.103
    11.784    15.560     7.840     6.162
1910
    14.030    19.180    12.176    21.850    19.700    11.732     7.800     7.838
     6.860     8.750     9.408    31.867    12.100     6.528     9.285    18.610
    18.320    16.260    55.820    20.100     6.819     5.514     4.339     6.000
     9.898    20.220    20.764    20.480    14.160     9.084     9.860     7.758
     6.498     8.143     5.760     3.860
1911
    12.342    25.280    11.054    14.410    13.466     7.483     6.961    11.470
    20.564    18.380    30.940    14.731     6.115    11.178    73.200    57.440
    52.140    55.520    28.170    18.600    38.291    24.920    25.020    18.300
    13.390    10.668     8.195     7.650     8.801     6.883     6.695    10.819
     8.696    12.532     6.560     7.487
1912
     3.756     2.502    20.831    12.550    19.860    19.700    44.400    19.960
    11.646    29.266    36.730    55.722    63.650    32.250    42.536   114.900
    27.000    10.290     6.751    29.192    61.000    21.640    28.880    19.050
     8.288     9.200    24.982    10.620    10.940    12.375    40.910    41.220
    21.860    14.930    11.200    31.618
1913
    26.210    22.840     9.804    10.700    37.910    28.391    19.020    14.120
     9.704    19.470    24.850    43.233    56.650    28.080    26.436    64.350
    21.040    10.131     8.994    21.440    35.055    14.780    29.970    13.690
     7.624     8.024    17.207    13.980     9.923     8.030    22.590    30.210
    37.220    45.660    29.150    23.455
1914
    19.670    16.560    14.346    28.700    25.530    10.695     7.870     7.694
     7.430     9.548    12.810    30.044    49.600    24.242    10.956    13.390
    14.940     9.831    13.080    13.500     8.032     8.328    29.904     8.350
     7.610     7.412     9.995    17.580     8.562     3.845     3.470    19.566
    52.560    71.680    33.700    15.455
1915
    11.140    10.678    19.121    33.665     7.778     7.434    16.502    53.980
     9.945     7.192     8.911    11.500    15.750    29.430    17.845    16.080
    30.040    21.450     8.893    17.132    20.059     7.800     7.254    10.785
    12.570     7.560    16.226    69.240    15.510    13.177    42.590    28.700
    17.464    17.014    22.400     8.068
1916
     9.084    15.160    22.020    76.100    46.170    22.009    99.850    45.780
    29.759     9.830    11.600    22.800    42.250    65.590    37.691    22.190
    72.360   111.250    35.620    15.420    10.109    19.640    21.440    22.400
    11.626    42.540    47.227    24.880    17.330    51.409    45.930    19.020
    25.600    37.170    41.200    32.091
1917
    20.210    25.240    42.540    23.650    19.780    51.718   110.220    43.120
    48.536    22.700    17.870    14.089    20.900    36.210    40.491    82.590
    68.620    71.790    77.600    43.440    22.255    16.020    10.896    11.115
    15.300    11.564    10.139     8.066     9.164     7.387     7.127    10.356
     6.028    10.256    21.200    13.036
1918
    16.560    27.640    45.130    25.950    26.180    20.773    17.860    58.720
    81.609    31.980    38.530    34.200    43.400    31.960    40.964    37.390
    32.940    26.760    16.000    11.720    14.600    14.580    14.430    35.600
    27.140    17.960    58.518   152.360   103.120    39.445    41.100    22.380
    13.160    27.440    22.200    20.836
1919
    27.540    17.260    12.010    21.350    44.550    32.909    48.150    20.800
    11.264    12.680    11.600    26.911    21.900    19.680    37.264    43.010
    30.980    28.590   108.820    37.380    63.155    42.600    26.680    46.650
    97.880    63.120    50.464    37.020    21.350    10.925    17.620    13.700
    16.680    18.100    19.600    31.073
1920
    61.170    39.720    70.170    46.800    24.650    28.491    58.900   112.280
    52.264    18.320    18.230    38.956    83.100    47.630    53.273    31.330
    24.900    18.910    28.720    20.240    26.355    24.340    21.710    31.900
    27.050    24.840    31.209    37.160    13.502    59.227    80.660    23.850
     9.168     7.008     4.995     3.946
1921
     3.189     2.978     3.094     3.240     3.347     9.005     9.360     7.548
    10.451    13.028     4.606     5.022    16.900    23.080    27.500    13.746
    24.040    21.010    21.700    14.630     4.300     3.164     2.949     2.510
     4.735     3.270     1.988     1.736     1.613     1.720     2.217     3.000
     1.672     1.603     1.570     2.941
1922
     6.228     5.478     2.701     2.445     4.980    10.173     9.098     6.556
     3.196     4.354     4.634    10.722    41.400    34.560    30.709    20.310
    34.020    24.240    27.580    15.900     8.575     7.354     9.040    13.650
     9.813    27.320    41.773    14.940    15.280    18.536    15.310    19.560
    28.440    62.740    43.150    19.636
1923
    27.690    15.360    15.880    24.700    25.700    57.945    21.945     6.498
    12.765    64.200     6.559     5.554     9.300     7.883    22.709    12.241
    31.800    23.800    14.353     6.680     7.608    22.720     8.325    11.115
     6.639     2.830     3.251     3.944     2.344     3.861     5.280     2.940
     4.154    21.227    22.200     4.897
1924
     5.328     9.344    13.134    18.800     7.460     5.550    13.788    20.700
    15.500    11.280    10.018     9.380    18.650    16.960    69.927    46.990
    39.880    40.490    36.770    30.800    17.127    29.740    31.210    14.930
     4.447     2.342     9.215    35.336     7.040     5.078    12.264     4.452
     3.110     2.875     2.410     2.245
1925
     8.010     2.964     3.262     3.875     3.206     2.426    10.826     7.628
     6.705    16.760    35.310    12.300    20.000    14.410    24.709    19.770
    19.360    23.380    33.000    13.384     7.086     8.822    17.423    96.450
    61.810    32.980    12.269    23.620    12.100    13.695    10.283     6.345
     5.832     5.958    11.640    10.879
1926
     8.534     9.010     6.142     3.930     4.726    37.627    37.310     9.396
     8.395    14.620    14.390    43.511    28.100    46.876    16.260    17.920
    24.660    22.560    15.630    17.240    19.882    41.520    69.740    69.600
    34.850    25.840    24.364    59.700    19.290    23.036    10.150     8.473
    13.664    10.074    21.150    91.255
1927
    22.920    13.120     8.718    17.130    33.290    15.209    38.870    52.860
    18.955     8.058     7.553    22.863    55.650    25.360    31.373    50.190
    51.380    33.030    17.240    10.708     9.554    22.000    30.310    12.300
    15.016    52.720    34.282    24.840    13.082     8.678     7.408    13.450
    15.240     8.863     5.760     6.074
1928
     7.057    10.720    19.338     7.670     6.918     7.544     7.594     8.540
     6.595     7.910    21.120    14.022    11.625    10.517    47.155    46.450
    24.660    15.760    13.130    20.920    19.900    24.140     9.589     7.880
     4.696     3.232     2.826     5.198     4.614     4.128     3.523     3.507
    10.416    10.710     5.250     4.890
1929
     5.449     6.628     7.488     9.880    15.522     5.834     5.865     5.508
     4.572     4.258     3.654     3.304     3.305    10.969    49.291    23.660
    21.560    22.080    29.304    54.392    35.100    30.320    10.326     7.880
    10.300     5.484     4.285    11.970    10.005     4.009     3.311     3.568
     5.004     3.367     3.710     3.241
1930
     5.613     6.896     5.386     6.040    21.087     7.145     6.894     5.056
     3.981     4.576     4.039     3.713     7.980    32.920    23.791     9.821
     7.562     5.487     5.460     7.568     6.915     5.198     3.012     2.205
     1.651     3.134     5.154    42.610    75.430     6.923     5.692    33.640
    13.420    10.346     8.130    50.242
1931
    85.430    29.760    49.210    14.950     7.635     4.291     7.855     4.506
     4.909     4.034     3.563    22.611     9.380    10.688    27.836    14.570
    30.520    33.910    13.558     5.864     4.070     5.078     4.701     4.140
     3.276     2.978     6.626     5.330     5.203    36.164    16.500    46.931
   121.200    33.760    15.850    70.182
1932
    39.640    49.840    12.154     3.360     4.072     5.783    16.146     8.864
     7.788     6.172     3.521     2.603     3.570     6.911    24.947   109.240
    25.280    19.870    23.590    20.064     5.983     6.476    14.702     7.615
     4.531     5.484     7.581    47.890    37.309     5.437     4.351     4.543
     4.378     4.257     6.270     5.874
1933
     5.928     5.486     5.721     6.095     6.222     5.283     4.983     4.720
     4.652    25.740    23.570     7.753    16.700    14.746     9.487    26.230
    15.160     8.541    11.150    10.708     5.885     6.260    14.530     9.725
    27.950    21.700    10.502     7.490     4.118    21.136    42.620    35.800
    15.544    11.594    22.800    13.036
1934
    18.530    20.500    12.220     6.750     4.983     4.212     5.761     8.620
     8.126     5.790     6.272    24.056    46.050    54.620    22.364    10.095
     6.632     5.137     4.481     4.784     5.210     5.942    10.436    26.650
    27.710    62.600    40.736    18.632    13.484    18.105    60.710    10.822
     5.436    26.800    56.950    13.909
1935
    20.690    21.360    32.820    45.600    22.221     9.546     9.371     7.638
     7.966     7.516    43.456    79.289    29.150    23.380    58.545    51.330
    40.860    20.730    18.220    19.520    12.128    19.020     8.193     5.470
     6.648    10.556    16.386     6.842    15.894    11.524    34.980    17.503
    11.324     9.376     6.785    32.640
1936
    21.030     8.584     8.664    12.700    10.505    27.536    20.710    18.700
    20.836    15.836    10.682    38.744    36.350    13.656     9.487    12.250
    10.496     7.858    14.722     7.916    14.109    17.820    12.600     5.745
     6.307    11.680    15.011    39.760     7.784    14.973    28.190    16.033
    19.964    36.070    34.200    49.364
1937
    36.100    13.366     8.024     7.730    14.154    13.595    21.084    14.400
    11.364    15.300    17.590    26.667    63.750    61.000    40.000    27.310
    22.560    16.450    15.280    13.520    18.136    13.100    41.560    25.150
    15.360    12.100    10.191     9.540    16.150    41.291    17.720    41.060
    10.278     7.117     8.000     6.453
1938
     7.338    16.112    17.750    21.600    22.900    10.686    11.746    26.980
    25.318    12.740    10.850    13.332    38.250    35.860    61.618    38.630
    31.100    24.370    29.140    22.700    14.018    11.180    10.290    10.005
    11.424    31.780    18.600    10.532    32.624    66.136    26.160    30.700
    11.940    10.780    10.200    14.127
1939
    22.140    15.220    13.060    16.650    15.200    10.991    12.750    23.520
    20.291    24.260    30.200    15.878    19.150    16.980    34.227    74.200
    22.180    15.260    17.940    23.180    72.018    17.060    18.750    15.350
    10.710     9.580    63.609    13.700    36.110    11.982    10.620    12.740
    15.600    59.550    63.200    44.282
1940
    32.850    22.840    40.020    59.250    18.090    14.818    17.060    30.100
    26.091    31.340    39.590    15.489    16.450    32.320    38.173    92.360
    29.000    19.500     3.367    37.124     7.051    10.988    24.030    19.850
    14.240     7.844     9.462    17.580    46.600    15.491    14.180    16.550
    20.220     8.126     8.640     6.154
1941
     7.872    12.920     7.770     9.215    28.840    13.773    11.470    13.140
    25.127    18.780    28.370    20.933    40.250    35.060    58.655    75.880
    37.500    31.680    27.300    27.700    24.691    27.800    24.480    22.150
    17.640    25.740    19.173    28.480    17.860    26.936    18.320    25.720
    14.260    14.640    40.450    29.191
1942
    22.610    23.360    13.870    16.000    51.670    25.300    19.230    12.160
    12.000    10.140     8.358    18.878    14.450    17.880    26.382    33.810
    55.080    54.250    24.200    30.100    18.809    10.940    17.690    12.000
     9.372    10.280    13.327    12.000    10.940     9.075    11.676    12.173
     8.448     8.002    16.330    15.682
1943
    11.560    19.060    11.186    10.215     9.958     9.366     9.809     8.830
    12.073    17.040    21.160    12.822    13.250    10.294    19.780    37.120
    31.900    21.950    18.050    20.780    17.900    19.480    33.510    22.850
    66.540    31.660    16.809    16.000    14.490    10.450    11.010    10.242
    10.758     9.545    10.230     8.011
1944
     8.757    10.148    14.250    16.000    12.520    11.200    17.860    25.660
    34.709    68.880    16.190    14.056    16.000    15.430    16.364    55.890
   112.800    62.950    37.230    41.720    31.255    31.240    24.940    21.850
    16.260    47.920    49.700    41.600    16.740    11.027    11.810    10.512
    11.016    13.210    13.900    15.845
1945
    15.840    23.560    25.030    28.550    25.940    25.545    11.593     9.786
    16.375    85.460    36.660    21.933    29.350    29.640    30.555    26.240
    23.180    19.120    15.940    15.660    30.627    37.940    37.160    28.050
    22.930    22.440    19.691    48.560    13.400    15.445    10.520    10.022
    30.936    47.730    35.150    17.509
1946
    13.210    18.740    13.220    13.350    17.700    32.091    12.639    18.700
    13.155    42.920    31.640    14.744    22.400    23.610    23.545    23.031
     6.306    10.580     9.240     8.778     7.075     7.650     8.189    10.505
    10.033    14.960     8.728     6.802     5.495     5.704     5.822     5.565
     5.138     5.512     6.005     5.792
1947
     9.988     9.396     7.299     7.200     6.990     5.537     5.773     4.918
     4.405     3.760     3.740     8.481    13.450    28.320    40.918    28.200
    10.844     7.453     7.140     6.650     5.950     6.824    13.220     8.830
     6.346     9.970    13.405     8.230    10.130    12.638    14.140     5.994
     3.978     2.747     3.750     4.627
1948
    16.960    26.280    31.690    12.750     7.939    27.516    38.590    28.100
    18.473    35.000    14.680     7.647    20.560    23.860    17.364    26.830
    40.140    12.680     7.035     6.300     8.814    32.644    12.629     8.630
    18.760    16.780    21.942     5.396    13.150     5.605     5.651     4.047
     3.572     3.263     3.245     9.780
1949
     8.248     6.518     9.751     8.215     7.277     4.559    31.171    10.342
     8.337     6.982    10.262    18.133    11.680    18.472    41.864    65.450
    48.500    19.530    10.900    17.520    19.238     7.796    11.090    63.700
    44.130    57.580    46.628    13.246    51.480    16.644     7.137     4.300
     4.170     3.580     3.550     3.345
1950
     3.917     6.164     6.974    12.850     6.690     9.211    11.480    14.820
     8.052     8.022    23.270    31.122    13.750    13.900    11.741     9.161
    11.700    10.580     6.930     5.734     4.298     3.846     5.805     3.770
     3.609     3.552     3.644     7.124     2.561     2.566     3.386    14.000
    10.892     5.384     8.780     6.768
1951
     5.631     8.112    10.384     8.850     8.819     6.257     5.435     4.634
     5.396    14.444    14.889     5.150     5.300    23.568    19.555    17.791
     7.994     7.507    28.280    37.280     9.201     7.880     5.828     4.055
     3.807     6.816     4.156     3.820     3.468     2.994     3.434     3.309
     3.320     3.000     2.960     2.993
1952
     3.232     3.270     3.629     3.585     4.534     5.694     7.054     6.668
     5.206     3.664     3.635    13.233     9.940     9.534    20.027    42.750
   110.240    39.940    12.760    13.600    25.627    13.960    14.060    16.350
     8.079     5.242     5.281     4.880     5.989     8.940    10.473    16.380
    24.800    21.890    16.250    20.882
1953
    44.180    24.980    31.770    10.240     6.717     5.846    11.384     7.024
    11.454    14.516     7.000    17.822    10.980    15.502    41.045    31.210
    10.940    12.950    30.640    20.360     9.357     8.924    12.016     9.820
     8.103    12.264    16.536    24.000    12.977     8.609     7.050    12.121
     6.204     6.715     5.335     4.957
1954
     4.740     5.256     8.638     5.460     5.235     4.534     5.066     5.870
     5.430     4.780     4.965     8.544    17.600    13.630    12.082    11.320
    19.480    20.240    22.350    12.260     7.469     9.564    11.790    14.300
    16.734    10.124    10.020     6.896     5.817     4.981     4.629     4.678
     6.312     6.929     5.505     6.070
1955
     6.178     6.608     6.985     9.690    12.958    30.198    20.700    16.000
    12.106    18.600    11.510     5.597     4.715    10.600    42.209    18.710
    28.560    35.440    25.180    17.580    19.518    22.540    19.290    32.500
    22.360    14.992    12.765    47.140    27.990    10.745    10.468    11.237
     7.844     6.401     7.630    18.262
1956
     8.554     6.332     9.409    24.250    23.700    11.464     8.231     7.532
     7.105     6.188     6.100     6.212     9.550     9.197    23.591    25.160
    44.240    26.990    24.750    23.680    11.235     6.830    12.863    22.250
    15.215     8.810    11.014     9.326     7.931     6.410     5.717    11.631
     6.432    16.014    10.885     6.982
1957
     6.899    11.636    11.770    31.400    25.810     9.550    19.090    10.700
     7.291    13.800    16.550     9.434     7.095    43.852    18.591     9.766
    11.624    11.863    10.430    12.700     7.304     6.340     6.194     5.740
     9.864    44.140    35.973    10.204     6.748    12.428    21.980    10.995
    16.760    11.560     8.450     8.556
1958
     4.098     3.650     4.080    10.860    19.331     4.201     3.737     3.374
     3.169     7.914    36.230    15.522    11.785     4.444    14.515    37.660
    40.500    45.460    34.410    19.260     9.685     6.218    46.999    57.775
    98.060    18.440     9.525    10.642    13.650     9.660     4.032     7.272
    15.220    16.850    42.550    18.155
1959
    11.370    11.060     5.901     3.430    17.228    12.473     8.899     4.348
     9.836     7.518     4.329    12.443    37.250    14.457     4.451     4.583
    11.760     9.963     4.865     3.504     6.477    22.620    34.360    42.900
    33.790    16.800    23.991    21.740    28.190     6.489     4.986     1.997
     1.672     1.483     1.665     2.735
1960
     2.858     3.146     1.999     1.900     1.988    10.305    10.163     4.450
     9.194     8.048    10.821    17.811    16.180    13.212    10.591    13.890
    15.108    12.791    17.460     8.516    12.915    17.040    30.850    40.750
    45.940   124.000   236.396    10.676     9.573     3.175    27.469     3.550
     2.528     2.204     2.820     5.648
1961
     6.674     7.984     7.770     6.770     8.917     3.684     2.456     1.810
     1.700     4.580     7.786     9.981    28.100    46.750    40.745    39.730
    11.300     8.708    20.100    23.960     8.902    17.860    18.902    15.030
     9.678     7.190    27.506    28.520    18.400     8.369     3.667     2.617
     2.224     2.362     2.305     1.997
1962
     4.432     7.226     4.061     7.445    29.840     9.318     9.606     9.194
    11.465     8.222    10.947    21.077    44.900    14.136    44.287   112.460
   113.200    60.640    31.750    78.720    82.173   132.000    29.258     7.760
     6.696    11.322     7.999     2.760     2.765     2.171     2.806     4.248
     5.870     3.959     3.665     3.683
1963
     3.570    10.536    14.064     7.635    11.856     9.442    12.148    10.880
     4.926     1.870     2.412     2.884    22.065    24.620    24.600    34.660
    56.300    24.660    19.050    20.900    37.791    10.774     9.518     8.345
     6.286     7.296     4.715     4.180     4.480    26.436    49.040    16.671
    15.368    72.990    16.450    17.391
1964
     8.802    13.140    19.640     7.830    10.921     4.254     3.469     2.508
     2.997     3.658     3.970     4.599     5.915     5.966    45.264    66.250
    32.420    16.190    20.140    14.360     6.868    13.964    16.490    29.250
    30.220    25.944     7.502     8.918    15.629     8.880     5.471     7.397
     9.956     5.866     8.225    17.100
1965
     7.341    21.436    96.070    22.300    16.100    10.705     7.545     7.588
    12.157    22.112     8.181     7.246     8.470    50.108    51.500    37.610
    29.820    32.210    38.440    46.960    31.464    88.120    76.660    21.650
    20.770    30.460    28.218    30.820    10.648    20.018     9.781    10.762
    19.780     8.891     4.920     4.145
1966
     5.721     4.676    14.000     9.300    14.720    23.745     9.164     5.338
     6.628    52.160    48.490    67.811    25.300    19.010    18.391    29.470
    43.860    30.630    13.340    14.220    52.373    58.540    15.830    32.400
    39.700    30.960    61.364    29.560    23.660    16.518    11.069     5.727
     4.778     3.537     3.500     4.531
1967
     3.909     4.934    21.173    28.100    10.789    12.918    10.079     5.942
    12.827    45.900    13.740    34.267    78.750    39.820    44.600    43.480
    57.340    40.490    34.420    17.260    24.439    45.784    37.240    13.230
     6.034     5.158     3.261     3.258     3.580     6.773     7.607    38.522
     5.552     9.498    10.105     3.994
1968
     4.782     5.838     5.011     5.560    14.307    65.318    10.160    13.320
    11.906    22.400    20.050    21.778    10.720    16.428    60.209    56.470
    26.540    17.400    18.900    12.640    13.634    65.220    27.350    14.755
     5.560    22.062   105.227    32.260    19.190    25.664    21.750    21.850
    31.840    21.480    20.850    14.091
1969
     4.905     6.170     9.557     4.535     2.888     2.779     2.428     4.902
     3.686     4.360     3.312    26.209     8.445    19.791    16.751    30.690
    24.100    23.710    11.360    10.324     5.707     6.326    10.799    28.050
    42.090    34.432     5.551     3.674    26.180    26.664     9.891     3.906
     2.670     2.672     2.000     2.409
1970
     5.103    14.420    12.846     6.130     5.208     2.951    15.868    17.680
     9.071     6.282     4.942     3.936     4.460    15.292    50.145    44.990
    36.600    36.740    15.540    10.764    15.847    33.200    18.148     6.270
     8.128   123.202   108.309    48.360    63.930    34.282    14.160    23.967
     7.016    34.092     9.180    36.900
1971
    34.400    19.360    12.410    15.700    14.223    14.235    14.187    10.662
    26.873    16.320    15.480     9.218     4.550    36.624    46.082    29.480
    14.160    14.610    29.800    10.106     8.555    18.020    22.930    33.650
    63.220     9.124     6.492    11.060     4.799     9.480    15.283     8.861
     6.102     4.695     7.200     5.982
1972
     7.142    19.328    15.240    35.900    45.220    36.818    10.175     4.530
     3.355     5.768     9.416    11.056    11.080     6.195     5.587    19.268
    32.440    32.850    18.950    36.700    14.536     7.862     4.775    26.020
    21.670     9.524    25.153    26.700     9.388   117.309     8.881     8.682
    21.972    12.942     6.285    11.102
1973
     6.240     9.756    14.250    21.250     7.416     2.920     2.231     2.172
     2.571     7.360    11.072    17.578    11.000    18.780    67.918    46.690
    30.200    21.830    19.730     8.356     6.864     4.668     4.230     6.715
    14.115     7.514    40.145    13.272     4.462     3.512     4.131     2.353
     5.402     3.301     3.110     5.824
1974
     7.981     9.614     7.843     5.855    10.848    33.518     9.883    61.158
    56.291    21.680    34.560    18.420     6.465    10.668    18.073     7.098
     4.360     8.101    18.490    15.640    37.882    43.440    95.320    22.450
    30.820    59.480    40.296    13.536    12.792    14.327     6.598     4.790
    24.520    38.110    47.350    50.964
1975
    24.820    26.180    18.440    63.050    34.810    44.527    49.200    24.140
    15.491     9.124     6.734     5.608    17.100    24.430    23.527    33.600
    51.880    25.750    14.680    11.038    12.684    36.980    23.490    44.450
    25.279    38.394    86.245    22.280    15.270    13.745    17.640     8.041
     4.446    11.675    31.750    17.227
1976
     6.110     4.958     7.459    13.230     7.033    14.918    24.360    49.920
    19.445     9.052     7.581    16.322    22.950    11.920    32.827    87.200
    33.720    27.000    13.250    14.700    53.482    44.980    19.210     8.430
     3.713     5.106     9.518    17.680     9.865    10.842     4.356    20.178
    26.760     8.962     5.845     4.373
1977
     4.290    12.744    18.040    34.350    14.130    13.277     8.398     8.090
    19.269    24.180    28.760    79.322    58.850    44.850    27.318    35.210
    30.040    30.820    28.530     9.544     4.943     4.480     7.785    13.050
     9.793    24.800    13.203    40.500    37.180    34.836    10.127    21.620
    28.480    10.426     6.010     4.553
1978
    15.010    24.600    13.640    10.175     9.450    17.864    12.750     9.016
     7.055     6.028     4.045    28.656    45.050    20.420    18.436    19.410
    29.580    27.560    24.330    18.080    23.645    18.400    13.140    31.500
    28.370    17.124     6.348    14.398    46.070    24.627    28.070    56.480
    32.260    44.840    16.000    34.382
1979
    18.570     8.494     6.482     6.385    24.139    20.278    19.247     5.738
    23.775    17.300    11.850     9.333    21.850    49.230    37.155    19.120
    13.020    20.060    31.040    10.894    10.647     7.120     8.630     9.705
    11.780    15.220     7.603    13.544     8.345     6.119    15.760    10.579
     8.208     4.495     6.420    10.918
1980
    12.500    23.120    18.460    31.850    25.390    17.682     9.141     4.162
     5.798    20.080    14.990     7.110     7.625    12.728    24.755    22.140
    29.480    26.110    22.080    13.500     8.428    18.780    13.298    21.150
    38.270    28.980    66.573    37.020    80.000    22.182    24.250    36.850
    12.514    27.967    68.800    16.082
1981
     9.282    20.540    11.864     6.650    27.606    16.545    18.180     7.748
     5.186    15.824    16.230     6.873    64.170    61.120    30.827    15.026
     6.752     5.343    22.460     8.764     9.973    16.500    34.410    42.100
    11.943    14.398    23.545     8.854     8.690    31.745    14.892    43.970
    12.490     6.314    10.305    10.745
1982
    12.290    24.900    59.030    20.700    21.090    23.709    28.170    10.884
     6.775     9.754    10.950     9.154    19.000    13.770    28.227    33.210
    14.100    31.110    33.520    22.360    12.545     5.874     5.859    23.195
    34.120    49.780    29.891    13.780    10.238    13.209    15.920     7.660
     6.268     3.365     3.065     1.674
1983
     1.181     5.016     4.610     3.810    20.728    19.655    45.840    38.120
    54.318    29.960    10.102     9.968    58.900    49.160    53.064    38.850
    32.740    20.430    31.270    11.072     7.187     4.866    19.582    35.850
     8.267    23.440     4.519     3.362     2.189     1.803     2.077     2.669
     2.762     3.943     9.465     5.661
1984
     3.169     2.114     6.486     8.895     6.380    21.845     9.137     4.428
     4.202     7.940     6.603     5.886     9.000     7.501    16.195    33.850
    16.376     9.156    18.378    26.400     8.037    12.364    30.860    20.750
    45.390    12.640     7.845    19.040    25.930     6.270     3.995     9.692
    45.040    16.962     6.700     4.492
1985
     2.702     2.228     7.608     4.640     2.950     3.455     2.672     2.780
    10.136    15.200     4.749     4.943    21.650    25.420    47.955    44.370
    16.380    12.060    49.470    46.980    26.173    36.760    30.950    31.250
    24.640    16.100    13.962    63.426    66.910    17.455    12.160     5.387
     3.602     3.773     8.350     5.194
1986
     3.462     4.436    11.242    26.950    56.880    28.555    12.253    12.598
    18.448     7.982     5.085     2.939    13.105    37.840    28.900    33.990
    17.100    12.112     5.559     6.394     6.697    13.752    14.630    15.505
     9.982    14.000    19.127    13.708    11.581    20.245    17.700    14.332
     4.710     3.403     3.300     5.180
1987
     4.379     4.376     1.963     1.400     2.294    28.000    28.920     8.624
     5.112     5.742    54.720    21.547     7.550     5.870    46.773    89.780
    58.820    34.860    24.980    38.940    60.982    39.160    18.390    18.200
     8.872     2.806     4.092     3.662    10.828     4.376     3.089     2.785
     5.558     3.943     3.190     5.254
1988
     3.675    20.756    19.160    10.645    27.638    66.591    20.586     6.500
     5.949    15.160    11.952     7.910     7.125    16.122    41.555    54.790
    35.320    16.220     8.859     5.760    13.131    24.344    14.854    14.035
    18.280    10.740     6.088     2.830     3.155    13.536    26.900    15.830
     9.722     4.022     2.830     2.419
1989
     2.352     7.016     7.874    17.855    34.540    40.300    20.540    20.540
     9.009     8.122     8.893    66.122    21.850    22.570    26.536    23.920
    13.256    10.892    63.770    22.420    12.418    33.300    20.690    21.850
    11.900    16.940    11.546     5.322     2.938     9.625    33.680     9.371
     6.410    17.197    10.850     5.501
1990
     7.617     8.538     8.272     7.720    47.584    17.123     4.405     5.526
    10.417     9.760     7.232    16.422    37.850    27.190     8.714    16.126
    23.600    30.280    14.210     9.258    16.721     6.584     4.763     5.045
    12.070    12.376     4.667     4.558     7.247     9.204    24.883    47.750
    36.820    11.388     4.925     5.228
