doplywy dekadowe do zb. Goczalkowice 1901-1990
1901
    13.752     8.836    16.150    16.350    14.169     8.399     5.413     3.472
     3.150     2.976     2.960     5.089    11.070    25.480    13.982    16.160
    37.020    21.070    16.440    12.340    10.797    20.300    20.600    33.050
    23.640    23.900    20.064    35.220    21.160    19.645    13.320     9.923
     6.740    23.426    25.750     9.472
1902
    13.460    23.380    21.350    19.200    22.380    26.718    31.010    28.800
    29.409    19.500    20.630    18.622    22.650    22.670    26.809    24.940
    26.000    19.470    20.140    32.320    20.145    19.260    32.920    25.600
    17.482    16.992    25.931     9.040    11.392    12.225     7.293     7.647
     5.446    13.627    30.050    20.573
1903
     7.740     5.796     6.272    16.500    31.380    26.555    12.210    13.340
     4.517    18.656    30.250    32.778    18.000    13.180    12.455    15.720
    31.640    34.080    14.190    15.220    10.658    18.680    37.810    42.750
    41.480    64.960    26.255    15.920    14.370     8.859     7.314     5.518
     4.586     5.648     8.240     5.878
1904
     5.974    23.060    28.320    15.950     9.173     3.195     2.655     3.382
     3.035     3.784     6.998    18.378    11.950    16.324     5.976    12.602
    15.480     6.693     6.641     4.834     2.707     2.946     2.224     2.915
     2.762     2.306     2.281     2.124     1.669     5.518     2.813     8.269
     7.528     4.568     6.920    30.335
1905
    11.002    15.340    12.754     7.765     9.371     7.385     7.559     4.616
     4.203     8.414     6.598     5.737     9.600    24.360    11.445    15.070
    18.240    11.507     8.859    10.168     9.464     5.426     4.199     4.420
     2.852     2.168     1.881     1.780     1.367     4.880     7.757     2.185
     3.056     3.119     5.615     4.105
1906
     2.964     4.102     8.288     4.690     5.163     7.102     6.300     6.090
     4.616     3.416     3.070     6.330    16.450    17.180    20.982    17.010
    20.960    13.170     9.448     5.230     4.365    34.348    20.640     6.835
    11.666    26.908     3.975     2.280     3.055     2.625     1.879    20.820
     9.266     8.871     1.670     0.681
1907
     0.358     0.567     3.152     6.945     1.050     0.384     0.675     3.112
     2.190     0.786     0.517     0.840     0.864     3.099     5.394    18.196
    16.160    12.910    17.410     9.562     2.673    12.920     9.837     6.690
     6.196    17.660     4.215     3.296     1.847     2.540     9.022     2.399
     1.356     1.202     1.055     0.991
1908
     0.866     1.012     1.022     1.005     1.712     4.747     3.351     4.130
     4.294     1.286     3.681     3.581     3.765     4.837     4.117     8.154
    16.480     8.523    17.080    18.026     3.698     2.982     1.670     1.120
     1.363    21.732    61.345    32.160    25.820    22.391    22.550    24.980
    19.600    17.810    13.050    12.209
1909
    10.338    10.224    12.700    14.700    13.600    10.873    15.374    17.540
    18.791    26.980    22.510    14.689    10.050    17.740    29.555    29.970
    35.800    28.570    33.240    24.800    14.818    27.300    29.846     4.210
     5.748    15.400     3.160     2.124     1.149     1.641     1.066     1.010
     1.004     2.082     1.470     1.878
1910
     6.019     9.228     5.750    10.655     4.028     4.079     5.100     4.262
     4.798     2.718     2.808     8.246     4.055     1.617     1.471     5.780
     4.756     6.680    28.510    12.318     3.987     3.062     2.399     3.355
     3.851    14.260     8.954     7.894     6.121     3.312    17.665     4.599
     3.912     4.993     3.240     2.370
1911
     6.564    12.940     6.121     5.085     4.738     4.960     2.061     2.432
     3.219    10.184    40.530     5.273     2.380     2.659    21.805    18.035
    10.150    11.439     4.525    17.528    14.231     7.210     6.351     3.325
     2.636     2.092     1.646     1.642     1.402     1.216     1.161     1.248
     1.408     1.588     1.510     1.463
1912
     1.268     1.488     1.944     1.570     1.988     2.457     5.490     3.166
     5.920     7.106     7.456    17.700    13.750    10.112     9.489    40.300
    15.300     8.921     3.458    22.336    32.315     2.716     2.091     1.510
     1.029     0.734     1.605     0.964     0.753     0.831    19.661    16.280
     9.568     6.910     4.445     9.678
1913
    10.359    11.840     5.970     3.750    14.707    12.067     9.147     3.592
     3.235     7.282     2.656     1.241     5.695     5.345    10.545     4.450
    14.652    23.550     6.295     4.738     3.953     1.630     0.888     4.834
    30.462    36.440     9.656    27.572    31.179    18.618    12.014    17.062
     6.388     8.970     5.840     9.678
1914
     4.804    13.328    14.805    21.500    10.220     4.959     5.207     3.936
    12.516     8.916     4.993    12.711    22.550    16.405     8.855     9.701
    10.152     5.244     5.958     6.078     2.996     3.166     3.353     2.365
     2.668     2.212     3.822    10.478     6.216     3.063     2.931     5.863
     9.518    17.189    11.135     6.915
1915
     4.576     4.562     4.884     5.100     6.671     4.659     6.957     7.322
     5.092     3.678     7.586     4.894     3.785     6.518     6.045     8.835
    15.960    11.206     5.407     4.508     3.543     3.994     3.124     4.645
     5.375     3.416    10.218    46.888     2.636     1.968     6.914     3.053
     2.001     1.940     2.730     1.185
1916
     0.776     1.312    17.992    12.915     7.305     1.614     9.967     2.666
     1.564     0.740     0.665     1.053     1.620     2.570     1.236     0.671
    14.357    23.230     1.476     0.730     1.089     1.638     0.611     0.913
     0.595     3.073    13.583     4.930     2.636    16.245    10.291     4.659
     6.194     7.623     8.210     4.349
1917
     2.630     3.172     4.290     2.485     1.931     8.460    38.290    17.260
    14.286     6.230     4.216     3.353     3.590    10.527    14.578    36.400
    33.520    30.140    30.990    17.380     4.400     2.880     1.930     2.105
     2.837     2.132     1.827     1.862     1.650     1.639     1.697     1.749
     1.548     2.179     2.640     2.064
1918
     2.702     8.308    16.786     5.265     4.667     2.230     2.533    11.814
    23.768     8.786     8.618    10.911    11.600     6.532     8.759     7.415
     3.964     3.044     1.710     2.012     1.687     2.000     2.603     8.475
    12.044     4.376    16.149    47.000    51.850    35.191    28.000    33.150
    26.880    35.490    36.750    34.609
1919
    38.090    40.020    37.240    34.300    47.240    38.036    45.710    39.940
    29.291    23.360    27.230    35.011    35.850    33.640    34.955    38.640
    41.220    31.220    45.730    25.720    27.473    24.560    12.860    13.675
    38.040    11.524    15.275     4.202     1.808     0.717     0.691     0.577
     0.575     1.059     0.969     1.640
1920
     6.751     7.388    11.400     5.620     1.275     1.826     8.009    22.540
    11.737     2.132     2.047     2.279    10.680     7.363     6.857     2.671
     1.840     1.221     2.075     2.842     5.875     2.166     1.887     3.850
     1.924     2.016     1.754     3.630     1.192    12.761    15.895     3.892
     1.566     1.144     0.906     0.677
1921
     0.776     0.964     0.913     0.674     0.670     0.901     2.029     2.870
     3.878     5.020     2.196     2.188     7.390     6.768     6.643     4.109
     7.638     8.541    10.048    15.540     6.325     4.460     3.654     3.900
     6.557     3.858     2.537     2.124     1.585     1.816     2.174     2.764
     2.182     2.385     2.335     2.886
1922
     3.117     3.032     2.967     2.615     3.683     5.319     7.469     7.012
     2.667     3.280     3.568    10.708    24.000    13.439    12.291     9.044
    12.100     9.218     7.651     6.632     3.777     3.444     3.496     4.195
     3.725     6.850    13.849     3.580     2.939     3.522     2.839     4.377
     7.510    28.589    22.900    10.818
1923
     8.242     6.320     6.405    10.000     9.612    16.864     9.370     4.796
     9.096    21.328     5.040     2.956     4.620     4.207     7.295     5.258
     8.444     7.289     4.739     3.538     2.579     8.240     5.253     6.245
     3.413     1.164     1.118     1.754     0.783     1.545     0.892     0.801
     1.174     4.607     8.970     2.712
1924
     1.616     2.630     4.712     9.000     3.420     1.542     1.026     2.692
     4.741     4.244     2.025     1.316     4.195     3.553    17.767    15.550
    15.200    12.910    16.990    19.900     4.571     3.756     5.318     5.355
     1.631     0.626     4.135    24.016     2.646     6.256     7.797     5.152
     2.856     2.475     2.200     2.199
1925
     4.602     3.010     3.276     3.435     2.604     2.035     4.646     5.016
     3.182     5.788    10.521     5.468     5.240     3.490     6.842     7.142
     4.436     4.751     5.880     3.640     2.554     2.886     2.836    34.705
    25.350    12.024     3.387    14.680     7.916    23.000    14.369     6.330
     2.914     1.934     2.935     3.686
1926
     2.157     2.662     1.941     1.270     1.144     9.125    13.763     3.258
     2.417     2.788     3.337    17.136     8.155    26.190    15.245    15.140
    19.080    17.550    14.510    19.140    14.691    26.980    26.070    21.445
     5.241     3.190     4.727    28.600     4.425     9.109     3.602     2.386
     2.674     2.708     5.965    44.918
1927
    12.541     4.024     3.025     4.230    15.450     5.955    14.690    23.520
     8.910     3.226     2.832     9.056    21.050    12.710    12.864    19.550
    26.360    13.509     3.855     2.698     1.686     3.648     4.117     3.095
     4.802    21.520     8.014     2.682     1.039     0.573     0.504     0.709
     0.860     0.901     0.771     0.685
1928
     0.731     1.508     4.699     1.137     0.675     0.908     0.765     0.957
     0.795     1.176     5.050     1.994     1.795     1.285     9.540     9.323
     4.034     2.634     1.877     4.834     4.554     5.868     1.636     0.908
     0.617     0.468     0.395     0.435     0.368     0.505     0.434     0.551
     1.852     3.760     1.050     0.691
1929
     0.751     1.006     0.966     1.375     2.451     0.911     3.864     5.112
     4.205     2.076     2.164     2.341     2.425     4.920    19.500     9.998
    14.560     7.659     6.389    20.256     9.715     8.870     3.217     2.340
     3.444     1.023     1.697     2.550     2.667     2.124     1.458     1.353
     1.468     1.529     1.490     9.102
1930
     2.012     3.002     2.356     2.155     4.394     2.227     2.820     1.880
     1.549     1.474     1.541     1.596     1.830     5.745     5.465     2.477
     1.900     1.524     1.459     2.692     2.317     1.654     1.089     0.945
     0.913     0.930     1.025     5.916     8.153     1.730     1.043     4.414
     2.368     1.915     1.490     9.102
1931
    10.416     4.182     5.363     2.375     1.303     0.839     1.183     1.063
     1.095     0.870     1.055     2.862     1.845     1.477     2.627     2.215
     3.180     3.380     1.468     1.042     0.773     0.896     0.766     1.135
     0.966     0.738     1.073     0.765     0.676     9.909     6.467     8.959
    26.380     6.825     1.875     6.951
1932
     2.641     5.062     1.616     0.622     0.821     0.665     2.018     1.036
     0.395     0.370     0.407     0.366     0.454     0.524     1.310    14.512
     7.648     5.214     2.452     3.124     0.427     0.626     0.647     1.152
     0.659     0.320     1.041    15.948    19.680     7.049     7.275    10.322
    10.076    11.840    13.300    13.691
1933
    14.080    13.540    12.850    11.500    11.920    10.209    11.530    11.560
    11.090    25.740    37.080    14.733    22.050    20.710    14.545    23.660
    22.020    16.910    13.660     8.568    11.353    11.840    16.730    18.550
    23.830    31.260    20.427    16.740    10.148    20.373    27.710    22.360
    15.620    11.190    14.650    12.191
1934
    11.193    15.380    14.300     9.915     9.176     7.632     7.743     7.888
     7.644     5.926     9.546    14.756    18.800    11.634    12.045     7.157
     5.912     4.062     3.468     4.688     3.933     5.592     4.476     7.365
    10.362    15.932    12.814     8.154     8.132     8.787    17.270     5.904
     3.698     8.890    12.400     6.116
1935
     4.855     5.388     8.884    10.465     6.244     3.652     4.163     4.474
     4.726     6.092     5.382     6.031     5.780     6.636     6.885     4.034
     3.368     2.342     1.911     2.668     2.238     3.244     2.530     4.135
     5.888     9.206     7.517     4.674     4.566     4.986     9.691     4.257
     4.178     3.463    12.400    19.573
1936
    13.335     6.848     4.536     4.225     5.989     6.942     6.259     6.730
    10.006     8.956     6.624    12.744    11.750     6.020     3.590     5.326
     5.108     3.620     4.844     4.776     5.353     7.544     4.742     3.390
     3.765     7.192     5.179    10.432     4.387     4.867     6.889     8.978
     6.324    14.180    10.300    16.409
1937
    11.475     5.728     3.798     3.185     4.848     5.091     6.801     6.070
     8.115     6.770     6.357     7.123    15.600    15.740    11.600     9.494
     8.696     4.904     5.620     3.746     4.019     3.586     6.365     7.105
     7.067     5.408     3.719     6.536     8.509    11.591     7.564    14.220
     4.680     4.043     4.155     3.836
1938
     3.723     8.098     8.402     8.255     8.289     4.300     5.611    10.036
    10.116     5.382     4.494     4.517    12.610    10.569    14.155    10.902
    11.788     8.710     8.225     7.362     4.263     3.586     3.257     3.085
     3.401     5.864     7.264     3.616     5.674    17.691    10.010     8.878
     4.664     6.099     3.295     3.271
1939
     4.461     4.290     5.373     3.690     3.590     4.165     4.152     6.802
     5.608     5.030     8.618     4.522     4.915     4.788     8.722    17.076
     7.124     4.212     4.579     7.332    23.288     6.794     4.649     5.625
     4.616     3.262    28.969     6.956    14.162     7.601     9.685     9.050
     7.472     9.848     5.265     5.229
1940
     7.364     6.904     8.834     6.470     5.519     4.055     3.817     6.444
     5.277     4.770     8.198     4.209     4.590     4.480     3.866     2.753
     2.610     2.887     1.246     9.892    20.936    17.248     5.129     6.260
     8.789     5.522     6.773     5.666     3.582     7.584     4.433     3.777
     2.024     3.013     2.735     3.485
1941
    11.697     5.820     9.694     4.640     3.786     2.235     3.299     4.512
     9.225    11.760    13.590     7.930    10.600    11.019    10.613    15.230
    17.800    10.988     9.673    10.004     9.752     7.854     6.475     9.460
    12.460     9.252     8.681    10.700     8.076    13.655    12.210    12.750
     8.192     4.606    14.510    14.836
1942
     4.606     8.132     7.110     3.865    10.236    11.291     9.206     9.124
     9.460    12.500    13.440     6.790     1.390     5.108     9.214    10.916
    17.760    16.340     5.191     2.156     1.535     2.006     1.736     1.505
     1.644     1.326     1.400     1.194     0.765     0.579     0.548     0.601
     0.526     0.715     1.935     1.616
1943
     1.312     1.690     1.155     2.455     5.111     3.222     1.483     2.230
     1.782     1.324     2.068     2.870     1.825     1.703     3.652     9.648
     7.408     6.150     2.563     2.188     2.595     2.644     4.243     3.550
    16.812    39.900     2.205     0.508     0.520     0.481     0.545     0.632
     0.712     0.970     1.015     0.755
1944
     0.912     0.873     1.304     1.345     1.291     1.281     1.624     1.588
     2.591     6.762     4.850     3.454     2.880     2.045     2.032     9.172
    21.860    18.220     3.234    24.624    19.327     5.890     5.828     4.145
     5.387    12.822     9.358     9.920     8.526     5.059     3.402     2.125
     1.266     2.780     7.155     6.159
1945
     3.747     6.276    15.660    11.300    10.104     7.476    10.304    10.744
    13.445     8.956     6.358     4.522     3.775     2.697     2.674    11.912
    28.580    23.830     4.276    32.104    25.138     7.714     8.089     9.415
    10.438     8.460     3.409     2.400     1.615     2.034     1.440     0.750
     0.636     0.879     1.615     1.471
1946
     3.189     4.368     4.506     2.370     3.200     3.605     2.938     4.938
     5.251     9.354     7.839     3.959     5.450     4.928     4.149     4.062
     2.944     1.810     1.071     1.072     0.765     0.816     0.924     1.705
     1.898     3.462     1.357     0.982     0.684     0.797     0.846     0.673
     0.593     0.820     1.625     1.575
1947
     2.173     3.028     3.276     1.550     2.105     3.259     4.002     4.048
     3.805     3.692     4.230    10.244     8.130    10.362    15.073     9.820
     6.308     4.505     3.174     2.320     1.465     2.454     4.542     3.495
     2.887     2.788     4.225     3.452     4.525     3.728     5.265     2.267
     1.620     1.978     1.760     1.708
1948
     4.049     9.376    13.526     3.865     3.953     8.451    12.200    11.664
     7.619    11.180     8.046     6.704     9.855     9.955     6.817     9.448
    13.124     5.419     2.731     3.166     8.324    15.156     6.482     3.715
     8.291     7.544     6.095     2.564     6.668     2.976     3.215     2.888
     2.144     2.296     2.450     4.197
1949
     4.792     5.004     5.560     3.790     3.457     2.235     9.755     4.610
     4.606     5.480     8.456     6.841     7.090     9.081    11.955    15.380
    11.976     8.125     4.582     7.228     8.287     4.034     4.792    27.215
    10.812    18.438    15.897     5.430    11.931     5.971     3.225     3.240
     2.208     1.394     0.970     1.308
1950
     1.650     2.316     2.676     3.945     5.533     3.913     6.931     6.442
     4.183     3.792     7.874     8.428     6.600     4.389     3.874     2.680
     3.714     4.903     1.696     1.868     1.446     1.270     1.223     8.130
     3.574     0.486     0.752     4.184     3.214     1.159     1.189     6.064
     7.852     4.714     4.270     3.775
1951
     3.825     5.842     8.565     4.470     5.195     4.169     3.135     2.284
     3.042     5.088     8.040     3.326     4.040     9.332     8.711     6.803
     4.578     3.272    12.156    12.764     4.765     3.632     2.383     2.030
     1.383     1.232     2.435     1.498     0.927     1.094     0.988     0.697
     0.818     0.890     0.712     0.612
1952
     0.669     0.814     1.780     2.700     5.257     2.258     2.553     3.600
     2.845     2.292     2.799     7.226     4.940     4.940     6.640     9.764
    17.932     5.611     2.625     3.804     4.235     3.008     2.675     4.310
     2.446     0.876     0.499     0.444     0.425     0.396     1.013     2.784
     3.176     5.426     3.265     4.773
1953
     9.769     7.024     9.106     3.435     1.862     1.219     1.648     1.568
     3.227     4.384     2.079     3.804     2.995     3.493     6.372     5.825
     1.922     1.435     6.757     7.404     1.718     1.248     2.214     0.944
     1.014     1.044     2.106     5.574     3.510     1.452     1.076     2.401
     1.330     2.336     1.860     1.369
1954
     1.258     1.560     4.706     2.400     1.502     1.129     1.226     1.328
     1.625     1.698     1.942     1.887     4.220     3.874     3.614     4.528
     8.086     8.829     5.418     5.934     3.625     3.406     2.720     4.525
     8.714     3.820     2.955     1.514     1.090     0.698     0.600     0.601
     0.601     0.872     0.763     0.736
1955
     0.779     1.068     1.115     1.830     3.860     8.571     7.599     3.604
     2.426     4.576     3.631     1.540     1.330     2.074     9.627     6.345
    14.000    10.086     6.387     8.360     6.178     7.758     4.408     6.995
     6.348     6.140     2.706    10.880     9.720     2.328     1.324     1.294
     0.961     0.996     0.985     2.184
1956
     2.150     1.162     5.284    11.365    13.700     9.764     5.693     3.892
     2.705     1.314     0.916     1.749     5.165     4.274    14.736    16.120
    25.580    17.180    15.670    16.560     9.935     4.174     6.749    25.900
    18.206     5.524     4.192     3.390     4.096     5.668     2.585     3.968
     2.454     7.864     7.760     3.611
1957
     2.511     7.508    10.610    17.300    13.670     5.373     6.981     4.474
     2.639     6.884    10.100     7.621     4.925    19.870    13.541     6.925
     8.216     8.681     7.302    11.760     7.548     4.644     1.752     1.270
     3.466    20.940    23.362     4.832     1.873     4.085     8.876     4.059
     7.450     6.571     2.520     1.973
1958
     1.077     0.851     1.028     2.800     9.668     2.650     1.794     2.100
     1.324     4.622    17.923     8.124     6.805     4.489    10.244    22.830
    27.840    26.920    12.220     8.892     1.985     2.482     1.725    32.485
    66.260     8.808     3.582     4.010     5.094     8.762     3.214     3.505
     4.224     8.895    31.450    62.400
1959
     7.648     8.574     4.679     2.815     7.969     7.236     7.403     3.736
     4.523     3.482     2.765     9.362    33.000    15.301     2.935     2.310
     7.496     9.101     6.987     7.008    12.985    41.740    39.560    68.800
    47.619     4.106    10.222    14.984     8.002     2.935     1.448     0.869
     0.723     0.501     0.481     0.498
1960
     2.172     2.254     2.246     2.120     2.970     5.205     4.148     2.300
     5.110     4.158     3.309     6.312     5.360     3.482     4.662     2.671
     2.674     3.340     5.263     4.110    12.865    13.440    20.610    21.400
    22.380    54.100    84.491    19.060    14.380     7.778    14.201     9.646
     6.684     3.609     3.385     3.987
1961
     2.217     2.070     3.168     2.720     7.301     5.301     4.760     1.940
     1.737     4.990     7.780     7.202     7.600    11.560    14.482    18.186
     4.848     4.127     5.320    10.740     6.513    10.468    12.180    19.650
     9.655     2.712     6.427    12.480     7.673     2.697     1.835     1.276
     1.298     1.494     1.860     1.917
1962
     2.629     3.314     2.117     3.575    17.432     4.209     5.471     5.698
     8.753     6.346    10.259     7.747    15.350    12.413    17.398    33.580
    32.780    17.240    12.619    39.140    35.518    40.540    10.400     2.360
     1.172     3.200     2.634     1.172     1.430     1.076     1.063     1.751
     2.116     2.688     2.355     2.243
1963
     2.714     4.784     9.318     5.700     5.497     2.939     3.354     2.884
     2.001     1.000     1.399     1.158    16.355    23.141     7.137     8.345
    18.880    10.892     8.893     7.642     9.424     3.284     3.520     2.715
     1.390     0.884     1.207     0.846     0.789     4.377    19.832    13.589
     7.330    26.785     6.810     4.228
1964
     1.723     3.302     3.676     2.640     1.513     1.297     1.716     1.000
     1.355     3.328     3.210     2.771     2.995     2.775    15.820    25.790
    10.108     4.117     5.568     3.354     1.039     0.988     1.424     3.165
     7.528    12.980     1.345     1.674     3.397     1.952     1.150     1.000
     1.900     2.010     2.540     3.919
1965
     0.600     2.100    21.460     7.100     6.403     6.644     4.424     7.082
     4.881     9.252     2.976     3.461     4.180    21.526    16.055     8.686
     8.676    13.150    12.397    16.040    12.227    13.040    21.680    12.200
     6.036     7.342     6.365     3.248     2.883     6.321     4.940     3.113
     5.284     3.539     2.640     2.350
1966
     2.500     2.308     2.643     2.460     2.862     8.306     3.674     2.758
     3.106    17.382    18.430    15.300    12.045     9.151     7.014     8.346
    10.420    10.338     3.491     2.784    13.457    18.360     4.053    12.885
    22.210    15.580    50.118    11.452     3.290     5.105     3.814     2.252
     2.000     2.028     2.320     4.799
1967
     2.381     2.472    10.450    11.050     7.339     9.668     6.033     4.170
     7.755    23.640     4.460     7.253    19.750    12.229    11.673    10.317
    13.184    10.188     7.006     3.544     9.700    12.220    12.668     3.675
     2.244     5.012     3.205     3.212     2.409     1.303     1.815     8.680
     2.900     3.152     3.750     2.231
1968
     2.000     2.000     2.000     2.390     4.726    16.200     4.471     9.524
     7.992     8.968     6.309     5.528     6.280     6.274    10.840    13.043
     6.402     6.255     5.173     2.774     2.883    21.916    19.392     5.945
     2.924     4.754    40.494    22.760     5.423     9.885     6.710     5.243
     6.456     7.742     8.710     4.899
1969
     2.759     2.326     2.757     4.815     2.257     2.113     1.876     2.130
     2.676     3.944     1.758    15.596     4.185     7.958     5.823     9.118
     7.146     4.576     3.365     2.132     1.635     1.516     3.300    13.800
    16.820    11.204     1.924     1.000    10.520    13.204     3.571     1.759
     1.472     1.647     1.605     1.399
1970
     1.878     3.454     3.364     3.710     1.891     1.500     5.715     6.184
     3.676     3.528     3.124     1.120     1.590     9.328    17.000    21.720
    12.580    10.730     4.899     3.592     1.913     8.100    10.034     1.680
     1.108    38.260    32.183     7.386    15.550    14.662     2.870     2.798
     2.042    10.823     4.285    12.535
1971
    10.164     5.354     6.433     6.000     4.778     2.202     2.645     4.122
    13.463     6.370     6.721     8.649     3.355    15.908    22.745     8.858
     4.598     6.843     9.122     4.256     2.571     3.030     3.430     9.065
    35.807     3.598     1.702     2.002     1.339     1.055     2.696     4.840
     3.630     3.628     4.215     3.366
1972
     3.182     4.222     8.945    20.400    22.520    14.532    12.209     2.054
     1.019     2.084     5.411     7.258     4.640     1.578     1.999     3.644
    13.062    18.920     7.073     9.988     5.579     2.700     2.311    10.335
    12.304     5.028    10.762    13.588     3.174    72.495     3.059     1.612
     9.504     7.858     4.070     3.767
1973
     2.529     2.798     4.853    10.365     5.974     1.481     1.506     1.116
     1.648     5.694    10.870    14.982    10.935     8.801    21.036    14.763
     9.178     8.592     7.084     2.090     1.557     2.232     1.484     4.645
     3.028     1.172     5.089     6.370     1.761     1.245     1.129     1.101
     2.058     1.668     1.070     1.106
1974
     1.087     1.632     1.144     2.075     3.774    10.505     3.944    16.440
    16.301     7.880     8.712     6.953     2.715     2.582     2.502     1.886
     1.000     2.799     8.342     9.572    18.724    13.820    34.420    12.450
     9.308    18.260    12.519     3.254     2.472     3.224     2.761     2.374
     8.888    18.520    24.150    25.700
1975
     9.467     8.574     9.463    14.450    10.993    12.007    15.938     8.540
     5.348     3.286     2.559     1.860     3.285     9.176    14.622    15.590
    18.500    11.291     4.344     2.972     3.386     7.798     8.574    17.600
    12.447    12.822    40.191    17.140     6.191     3.179     4.399     2.368
     1.312     3.783    13.080     8.775
1976
     2.700     2.516     2.925     3.210     2.871     5.976    11.389    21.260
     9.418     2.826     2.116     3.459     5.070     2.985     6.342    19.051
     6.454     7.374     2.515     4.110    22.428    13.062     4.430     1.930
     0.886     1.102     1.850     5.326     3.703     1.636     1.203     7.568
    11.302     3.470     2.785     2.452
1977
     1.829    10.232     9.173    11.350     7.135     6.206     4.171     4.058
    10.989    10.786    14.590    39.956    24.800    15.361     9.296    14.820
    17.060    10.930     6.585     3.832     2.050     1.228     0.742     2.035
     2.882    13.260    10.538    32.168     8.465    24.613     4.755    13.770
    19.540     5.543     2.715     2.263
1978
     4.870     6.686     5.445     3.645     3.964     8.049     6.521     3.656
     2.469     1.654     1.374     5.269    12.200     7.595     4.506     5.524
    11.600    10.719    12.239     6.398     7.546     7.056     3.013     4.785
     7.960     6.270     1.840     2.340    14.472    10.296     7.042    19.510
    14.980    18.180     8.580    14.665
1979
     8.903     3.342     2.373     3.925    16.183    10.215     8.321     5.084
    12.530     9.504     4.657     4.750    17.630    20.640    15.309     8.846
     5.030    14.022    13.622     4.998     2.595     1.216     1.423     1.500
     1.461     2.288     1.635     2.426     1.300     1.235     4.444     1.643
     2.056     1.158     1.860     3.003
1980
     2.828     5.572     6.980    10.055    10.189     7.961     4.729     1.858
     1.428     8.106     9.313     2.130     1.715     2.426     4.688    11.596
    12.320    12.490     7.529     3.772     1.665     4.230     3.084     7.305
    24.710     9.576    26.279    10.356    40.687     7.821     4.837    12.161
     5.912    11.874    27.000     6.945
1981
     3.085     6.232     5.185     2.570    10.241     7.012     7.499     3.058
     2.105     8.494     8.190     3.366    16.570    23.309     9.749     4.957
     2.656     1.839     6.510     2.528     1.792     3.026    12.091    24.700
     6.543     7.636    14.230     4.514     2.643    10.275    12.700    17.172
     4.772     2.761     7.280     9.309
1982
     5.490    11.776    19.798     8.930     6.554    14.780    25.996     3.740
     2.902     8.514     4.629     3.380     4.710     5.042     9.591    11.107
     5.226    12.333    12.270     7.476     5.210     2.198     2.286    15.020
    24.960    15.976     7.491     2.458     2.099     2.741     1.570     1.258
     1.344     1.298     1.500     1.000
1983
     1.000     1.342     1.358     1.215     3.239     9.471    20.380    17.140
    16.682    10.624     4.310     5.826    26.150    17.140    15.355    11.450
     9.412     5.331    10.570     4.600     2.130     1.482     6.094    11.385
     2.936     5.056     2.362     1.742     1.300     1.051     1.140     1.203
     1.000     1.028     1.425     1.129
1984
     1.000     1.000     1.342     1.533     0.700     5.513     2.696     1.140
     1.140     2.800     2.287     1.458     2.070     1.716     4.573    10.928
     4.916     1.601     3.790     7.804     2.844     2.200    10.156     7.580
    17.013     5.198     3.289     7.200     6.814     2.611     1.377     2.425
    14.548     7.158     3.140     2.664
1985
     1.203     1.342     2.086     1.355     1.857     1.494     1.212     1.000
     4.355     9.768     2.268     2.653    11.065    10.079    17.400    16.566
     6.688     4.529    14.978    16.264    13.845    18.180    11.800    11.350
     9.469     4.196     4.420    57.540    58.920     8.187     4.581     2.344
     1.578     2.287     6.320     3.250
1986
     1.190     1.606     3.272     8.580    19.930    13.132     5.256     7.258
     9.412     3.258     3.000     2.412     4.180    10.548     8.771    10.207
     7.838     6.109     1.992     2.332    13.877    22.440     8.429     2.160
     1.547     7.558     9.683     4.854     4.840     9.030     6.328     4.585
     2.138     1.462     1.135     1.369
1987
     1.538     1.400     0.588     0.270     1.732    13.749    16.961     4.026
     3.840     7.326    24.420     8.306     3.785     2.486    13.433    27.280
    25.940    17.210     5.758    10.584    26.164    22.060    12.822     5.710
     2.737     0.937     1.034     2.234     4.872     1.974     0.940     0.810
     3.384     3.384     3.715     5.071
1988
     2.816     6.000    13.342     8.360     8.189    30.882    11.771     3.346
     3.662    10.342     8.338     6.490     6.800    10.702    14.773    18.870
    14.164     6.319     3.059     1.174    11.895    11.436     6.777     3.070
     3.360     4.174     2.665     1.174     1.203     3.053     8.199     6.635
     5.544     2.499     3.225     2.259
1989
     2.778     1.174     5.608    10.405    18.310    15.300     8.790     8.316
     3.321     2.994     4.029    18.267     9.385     7.525     7.945     8.591
     5.432     6.034    30.763     8.778     5.898    10.316     8.251    15.250
     7.298     4.744     4.115     1.698     1.042     3.996    19.642     4.551
     2.822     6.600     5.185     3.057
1990
     2.783     2.594     3.102     1.345    13.960     7.309     2.100     2.176
     4.460     3.678     3.483     3.998     7.565     7.303     2.458     4.739
     6.172     8.708     4.889     2.282     4.401     2.696     2.634     2.180
     6.240     5.000     1.545     3.012     2.950     3.239     6.580    19.650
    13.980     4.810     2.140     1.513
